$ANSIBLE_VAULT;1.1;AES256
35663264666264383531343735336263396439373064333736326234653530626531376532613434
6436313832396465393338633537396132376262316539630a313565663561376162643238653962
61663963613765666163626538653137386433373639323630316565376439363332313736383137
3532646163656361660a366534346530393465313639336261343433643562306632373832613039
34353635383965626465656532666434636162316636343534643863613936323965323130626433
35323964353866306130613936653766333734343935356466386363616266633436623735656164
64376438323633336636656230376138373433646630343566376563316266346164386539303437
35326535313061353539323363643833356264326363376365666663353931613532646435653062
61333164323035623930636334393065623232343030383738373239363265376635616664343064
62343464326234346265663730343162343431626533633663306533346333366161653934363365
61633736303062616464396438303864643332343763373735393666313136376633363865366466
36313732396334656263346533656135333433666666306233613561323238633636396463383738
36303335653761376666393064633134643439656163366338633739393262366633363833386532
35363534613463663938353264613734623536343038393364343262633166373663383066306135
66313564366130386435353366386361353134303366613438633862393766353037393131373638
65373264373961336230363139626130306434623435313961383361333034396532356165366635
30326366663439343839656437393737616233343339653761363361383433626133323032386435
66393136326338623931363534633539663766656336326631366331303662303132303861333566
61386335316635366165396565646161653961393336313464613061613565663565316336663861
33386334646562656536643966646232393536613033613664313234333931643766393963376161
66383865646133313064393061376565346166353562633265356430313832376134666333316634
30613862383634623433643863323439666130313636623966616234313539343662313634663833
34363961376134336437366662643532346338356632396131666233653533323432333132643862
35613034623866623237613134666339663666643331386261313634643064656566663433633466
3439
